801859
794595
786960
782739
780890
780621
780409
779523
779093
777181
775617
775537
775469
771259
771137
767745
766306
759950
759839
759670
757994
757547
756901
754205
753926
752014
750649
749683
748306
746960
744440
743553
742657
742650
741954
741479
741328
740888
740324
739625
738737
738649
738592
734912
734586
734544
733687
733136
732028
731397
730886
730007
729172
727719
726952
726671
726208
724965
724705
724399
724324
723997
722064
719758
719605
718907
718270
718244
716795
716231
716182
715706
715654
714875
714684
714350
713339
712435
712358
712287
712169
711701
710835
709444
706848
705553
705346
705201
705075
703323
702734
702478
702218
701536
701210
700246
698886
698319
697436
695864
695354
694127
693425
692541
692295
692188
691385
688073
686972
686448
683918
683628
682771
682599
682123
681836
681774
681389
681215
680338
680303
680228
679823
679484
676855
676854
676253
675913
675060
674512
674332
673071
672625
672467
672144
671791
669947
669941
669912
669764
669094
668769
668548
668377
666933
666495
666181
665578
664850
664525
663607
663177
662986
662104
661934
661473
660652
660290
659709
659416
659400
658843
658735
658605
657723
656117
656077
655539
655040
654125
652295
651425
651324
651272
651263
649926
648849
648609
648374
647563
647338
647290
647225
647051
646664
646508
646373
646063
645471
644289
643869
643640
643365
643298
642342
642222
641853
641745
641656
640732
640563
640356
640041
639664
639598
638698
638081
637561
636615
636197
635408
634907
634307
634278
634272
634127
633733
632242
632189
631974
631879
631467
631408
630392
629938
628972
628282
628181
628000
627859
627414
627399
627088
627059
626767
626466
625820
625642
625629
625558
625398
625182
625148
625140
625002
624866
624569
624329
624301
624301
624301: